6.084315157804215
4.569741264054254
4.643317887937858
4.762370179008284
3.7124589868598514
4.631497400489447
3.3506813951921828
5.037258991366074
6.712238835341272
4.545767707541814
4.6843208442309265
4.8817088107177105
4.856011956364971
6.454569844051809
4.443579856373348
2.7459338214177307
6.876719921222768
6.01957457645903
4.881202276203228
5.74914094967618
5.943341375401134
4.396020334878754
5.070918722870801
4.701240267508666
6.673672576695232
4.564124766004644
4.8663391206466455
3.9140959968087903
2.7459338214177307
6.876719921222768
3.548484611248587
3.2405092073409527
4.8817088107177105
5.880681052554427
4.589121327515202
6.154203620345984
7.033045785912792
4.762370179008284
4.643317887937858
4.938290412105334
5.269523285939059
4.156042091813271
4.909605982399996
6.863084552127649
4.396020334878754
5.943341375401134
5.326932350523837
2.8527599233050442
6.000752192653381
3.938525786176014
5.110482988898871
5.454891563302332
3.2405092073409527
3.548484611248587
6.01957457645903
6.029633866302138
6.808165568370567
5.037258991366074
3.382541574119796
6.536877217449858
5.823955104146593
6.200732864265538
4.080802984715366
5.227251811911498
4.48231542433736
3.984898503284901
5.454891563302332
5.223732943533166
4.823282940668937
3.9140959968087903
3.984898503284901
5.779256425208029
4.545767707541814
4.48231542433736
5.227251811911498
4.78382780358565
6.417943672240897
6.200732864265538
5.1965387243074925
4.596511278061892
6.231626272869567
5.1965387243074925
5.110482988898871
